5350
9549
11502
14084
15042
18804
19001
22954
23017
23215
23230
25121
26720
27572
30196
30822
30989
31259
32406
32510
32563
32875
33223
33705
34788
34791
35504
35502
35697
35652
35902
35959
36510
36533
37479
37972
38029
38396
38934
39150
39350
40041
40044
40513
41481
41767
41942
41994
41993
42207
42204
42436
42764
44005
44344
44424
44426
45004
45003
45211
45341
46125
46144
46507
46508
47183
47408
48001
48003
48681
48796
48955
50005
50034
50041
50208
51201
52253
52777
54277
54274
56880
57447
57446
58108
58698
59170
61363
61361
62691
68599
70788
73093
80477
80476
83363
83356
87894
95081
98438
98448
